0.000e+00 0.000e+00 0.000e+00 0.000e+00 0.000e+00 
5.000e-13 1.547e-04 1.905e-04 2.299e-04 2.201e-04 
1.000e-12 1.259e-03 1.856e-03 2.249e-03 2.154e-03 
1.500e-12 4.555e-03 7.493e-03 9.104e-03 8.738e-03 
2.000e-12 1.069e-02 1.810e-02 2.203e-02 2.121e-02 
2.500e-12 2.028e-02 3.376e-02 4.116e-02 3.982e-02 
3.000e-12 3.263e-02 5.254e-02 6.409e-02 6.234e-02 
3.500e-12 4.661e-02 7.245e-02 8.831e-02 8.640e-02 
4.000e-12 6.037e-02 9.153e-02 1.114e-01 1.095e-01 
4.500e-12 7.234e-02 1.085e-01 1.318e-01 1.301e-01 
5.000e-12 8.201e-02 1.233e-01 1.494e-01 1.480e-01 
5.500e-12 8.963e-02 1.363e-01 1.650e-01 1.635e-01 
6.000e-12 9.636e-02 1.484e-01 1.798e-01 1.780e-01 
6.500e-12 1.033e-01 1.606e-01 1.951e-01 1.928e-01 
7.000e-12 1.112e-01 1.735e-01 2.114e-01 2.088e-01 
7.500e-12 1.202e-01 1.878e-01 2.292e-01 2.264e-01 
8.000e-12 1.301e-01 2.031e-01 2.481e-01 2.453e-01 
8.500e-12 1.406e-01 2.192e-01 2.677e-01 2.651e-01 
9.000e-12 1.512e-01 2.354e-01 2.874e-01 2.850e-01 
9.500e-12 1.617e-01 2.514e-01 3.067e-01 3.044e-01 
1.000e-11 1.718e-01 2.669e-01 3.256e-01 3.232e-01 
1.050e-11 1.815e-01 2.819e-01 3.441e-01 3.413e-01 
1.100e-11 1.907e-01 2.965e-01 3.622e-01 3.591e-01 
1.150e-11 1.997e-01 3.111e-01 3.803e-01 3.770e-01 
1.200e-11 2.087e-01 3.258e-01 3.986e-01 3.952e-01 
1.250e-11 2.180e-01 3.408e-01 4.173e-01 4.140e-01 
1.300e-11 2.277e-01 3.561e-01 4.364e-01 4.332e-01 
1.350e-11 2.377e-01 3.718e-01 4.559e-01 4.529e-01 
1.400e-11 2.480e-01 3.876e-01 4.757e-01 4.728e-01 
1.450e-11 2.583e-01 4.037e-01 4.957e-01 4.928e-01 
1.500e-11 2.686e-01 4.198e-01 5.158e-01 5.128e-01 
1.550e-11 2.788e-01 4.358e-01 5.360e-01 5.329e-01 
1.600e-11 2.889e-01 4.519e-01 5.562e-01 5.530e-01 
1.650e-11 2.990e-01 4.680e-01 5.766e-01 5.734e-01 
1.700e-11 3.092e-01 4.842e-01 5.971e-01 5.940e-01 
1.750e-11 3.195e-01 5.005e-01 6.179e-01 6.150e-01 
1.800e-11 3.299e-01 5.170e-01 6.389e-01 6.363e-01 
1.850e-11 3.405e-01 5.337e-01 6.604e-01 6.579e-01 
1.900e-11 3.511e-01 5.507e-01 6.822e-01 6.800e-01 
1.950e-11 3.620e-01 5.679e-01 7.044e-01 7.024e-01 
2.000e-11 3.730e-01 5.853e-01 7.269e-01 7.252e-01 
2.050e-11 3.839e-01 6.027e-01 7.496e-01 7.481e-01 
2.100e-11 3.940e-01 6.187e-01 7.707e-01 7.696e-01 
2.150e-11 4.019e-01 6.308e-01 7.872e-01 7.867e-01 
2.200e-11 4.070e-01 6.379e-01 7.973e-01 7.978e-01 
2.250e-11 4.084e-01 6.393e-01 8.002e-01 8.017e-01 
2.300e-11 4.066e-01 6.366e-01 7.973e-01 7.999e-01 
2.350e-11 4.023e-01 6.313e-01 7.907e-01 7.940e-01 
2.400e-11 3.973e-01 6.256e-01 7.829e-01 7.864e-01 
2.450e-11 3.932e-01 6.210e-01 7.762e-01 7.794e-01 
2.500e-11 3.908e-01 6.182e-01 7.718e-01 7.743e-01 
2.550e-11 3.906e-01 6.176e-01 7.705e-01 7.722e-01 
2.600e-11 3.918e-01 6.186e-01 7.716e-01 7.727e-01 
2.650e-11 3.937e-01 6.207e-01 7.743e-01 7.753e-01 
2.700e-11 3.956e-01 6.231e-01 7.776e-01 7.788e-01 
2.750e-11 3.971e-01 6.251e-01 7.806e-01 7.821e-01 
2.800e-11 3.980e-01 6.264e-01 7.826e-01 7.846e-01 
2.850e-11 3.983e-01 6.267e-01 7.833e-01 7.857e-01 
2.900e-11 3.981e-01 6.263e-01 7.830e-01 7.855e-01 
2.950e-11 3.974e-01 6.255e-01 7.819e-01 7.844e-01 
3.000e-11 3.966e-01 6.246e-01 7.805e-01 7.828e-01 
3.050e-11 3.957e-01 6.237e-01 7.792e-01 7.813e-01 
3.100e-11 3.952e-01 6.232e-01 7.783e-01 7.801e-01 
3.150e-11 3.951e-01 6.229e-01 7.778e-01 7.797e-01 
3.200e-11 3.953e-01 6.230e-01 7.779e-01 7.798e-01 
3.250e-11 3.957e-01 6.233e-01 7.783e-01 7.803e-01 
3.300e-11 3.960e-01 6.237e-01 7.789e-01 7.810e-01 
3.350e-11 3.963e-01 6.241e-01 7.795e-01 7.816e-01 
3.400e-11 3.964e-01 6.244e-01 7.800e-01 7.821e-01 
3.450e-11 3.964e-01 6.245e-01 7.802e-01 7.823e-01 
3.500e-11 3.964e-01 6.245e-01 7.802e-01 7.822e-01 
3.550e-11 3.963e-01 6.244e-01 7.801e-01 7.820e-01 
3.600e-11 3.962e-01 6.242e-01 7.798e-01 7.817e-01 
3.650e-11 3.961e-01 6.240e-01 7.795e-01 7.815e-01 
3.700e-11 3.961e-01 6.239e-01 7.793e-01 7.813e-01 
3.750e-11 3.960e-01 6.238e-01 7.791e-01 7.812e-01 
3.800e-11 3.960e-01 6.238e-01 7.791e-01 7.812e-01 
3.850e-11 3.960e-01 6.239e-01 7.792e-01 7.813e-01 
3.900e-11 3.961e-01 6.239e-01 7.794e-01 7.814e-01 
3.950e-11 3.961e-01 6.240e-01 7.795e-01 7.815e-01 
4.000e-11 3.962e-01 6.241e-01 7.796e-01 7.816e-01 
4.050e-11 3.962e-01 6.241e-01 7.797e-01 7.816e-01 
4.100e-11 3.962e-01 6.241e-01 7.796e-01 7.816e-01 
4.150e-11 3.962e-01 6.241e-01 7.796e-01 7.816e-01 
4.200e-11 3.962e-01 6.241e-01 7.795e-01 7.816e-01 
4.250e-11 3.962e-01 6.240e-01 7.795e-01 7.815e-01 
4.300e-11 3.961e-01 6.240e-01 7.794e-01 7.815e-01 
4.350e-11 3.961e-01 6.240e-01 7.794e-01 7.815e-01 
4.400e-11 3.961e-01 6.240e-01 7.794e-01 7.815e-01 
4.450e-11 3.961e-01 6.240e-01 7.794e-01 7.815e-01 
4.500e-11 3.961e-01 6.240e-01 7.795e-01 7.815e-01 
4.550e-11 3.961e-01 6.240e-01 7.795e-01 7.815e-01 
4.600e-11 3.961e-01 6.240e-01 7.795e-01 7.815e-01 
4.650e-11 3.961e-01 6.240e-01 7.795e-01 7.815e-01 
4.700e-11 3.961e-01 6.240e-01 7.795e-01 7.815e-01 
4.750e-11 3.961e-01 6.240e-01 7.795e-01 7.815e-01 
4.800e-11 3.961e-01 6.240e-01 7.795e-01 7.815e-01 
4.850e-11 3.961e-01 6.240e-01 7.795e-01 7.815e-01 
4.900e-11 3.961e-01 6.240e-01 7.795e-01 7.815e-01 
4.950e-11 3.961e-01 6.240e-01 7.795e-01 7.815e-01 
5.000e-11 3.961e-01 6.240e-01 7.795e-01 7.815e-01 
5.050e-11 3.961e-01 6.240e-01 7.795e-01 7.815e-01 
5.100e-11 3.961e-01 6.240e-01 7.795e-01 7.815e-01 
5.150e-11 3.961e-01 6.240e-01 7.795e-01 7.815e-01 
5.200e-11 3.961e-01 6.240e-01 7.795e-01 7.815e-01 
5.250e-11 3.961e-01 6.240e-01 7.795e-01 7.815e-01 
5.300e-11 3.961e-01 6.240e-01 7.795e-01 7.815e-01 
5.350e-11 3.961e-01 6.240e-01 7.795e-01 7.815e-01 
5.400e-11 3.961e-01 6.240e-01 7.795e-01 7.815e-01 
5.450e-11 3.961e-01 6.240e-01 7.795e-01 7.815e-01 
5.500e-11 3.961e-01 6.240e-01 7.795e-01 7.815e-01 
5.550e-11 3.961e-01 6.240e-01 7.795e-01 7.815e-01 
5.600e-11 3.961e-01 6.240e-01 7.795e-01 7.815e-01 
5.650e-11 3.962e-01 6.240e-01 7.795e-01 7.815e-01 
5.700e-11 3.962e-01 6.240e-01 7.795e-01 7.815e-01 
5.750e-11 3.962e-01 6.240e-01 7.795e-01 7.815e-01 
5.800e-11 3.963e-01 6.241e-01 7.795e-01 7.815e-01 
5.850e-11 3.964e-01 6.241e-01 7.795e-01 7.815e-01 
5.900e-11 3.965e-01 6.241e-01 7.795e-01 7.815e-01 
5.950e-11 3.967e-01 6.241e-01 7.795e-01 7.815e-01 
6.000e-11 3.969e-01 6.242e-01 7.795e-01 7.815e-01 
6.050e-11 3.971e-01 6.242e-01 7.795e-01 7.815e-01 
6.100e-11 3.975e-01 6.243e-01 7.795e-01 7.815e-01 
6.150e-11 3.980e-01 6.244e-01 7.796e-01 7.815e-01 
6.200e-11 3.986e-01 6.245e-01 7.796e-01 7.815e-01 
6.250e-11 3.996e-01 6.247e-01 7.796e-01 7.815e-01 
6.300e-11 4.010e-01 6.249e-01 7.796e-01 7.815e-01 
6.350e-11 4.030e-01 6.253e-01 7.797e-01 7.815e-01 
6.400e-11 4.057e-01 6.258e-01 7.798e-01 7.815e-01 
6.450e-11 4.096e-01 6.265e-01 7.799e-01 7.815e-01 
6.500e-11 4.149e-01 6.274e-01 7.801e-01 7.815e-01 
6.550e-11 4.224e-01 6.288e-01 7.803e-01 7.815e-01 
6.600e-11 4.324e-01 6.307e-01 7.806e-01 7.815e-01 
6.650e-11 4.462e-01 6.333e-01 7.811e-01 7.816e-01 
6.700e-11 4.641e-01 6.368e-01 7.817e-01 7.816e-01 
6.750e-11 4.875e-01 6.415e-01 7.825e-01 7.816e-01 
6.800e-11 5.173e-01 6.475e-01 7.836e-01 7.817e-01 
6.850e-11 5.561e-01 6.554e-01 7.851e-01 7.817e-01 
6.900e-11 6.051e-01 6.654e-01 7.870e-01 7.818e-01 
6.950e-11 6.666e-01 6.782e-01 7.895e-01 7.819e-01 
7.000e-11 7.415e-01 6.941e-01 7.926e-01 7.820e-01 
7.050e-11 8.356e-01 7.141e-01 7.966e-01 7.822e-01 
7.100e-11 9.550e-01 7.388e-01 8.015e-01 7.824e-01 
7.150e-11 1.109e+00 7.700e-01 8.076e-01 7.827e-01 
7.200e-11 1.289e+00 8.088e-01 8.152e-01 7.831e-01 
7.250e-11 1.469e+00 8.555e-01 8.247e-01 7.835e-01 
7.300e-11 1.610e+00 9.063e-01 8.361e-01 7.841e-01 
7.350e-11 1.674e+00 9.539e-01 8.492e-01 7.847e-01 
7.400e-11 1.653e+00 9.887e-01 8.627e-01 7.856e-01 
7.450e-11 1.547e+00 9.991e-01 8.746e-01 7.865e-01 
7.500e-11 1.393e+00 9.809e-01 8.824e-01 7.876e-01 
7.550e-11 1.238e+00 9.328e-01 8.828e-01 7.887e-01 
7.600e-11 1.124e+00 8.666e-01 8.748e-01 7.896e-01 
7.650e-11 1.080e+00 7.995e-01 8.578e-01 7.902e-01 
7.700e-11 1.098e+00 7.507e-01 8.355e-01 7.901e-01 
7.750e-11 1.157e+00 7.361e-01 8.128e-01 7.892e-01 
7.800e-11 1.227e+00 7.551e-01 7.961e-01 7.875e-01 
7.850e-11 1.287e+00 7.996e-01 7.911e-01 7.850e-01 
7.900e-11 1.329e+00 8.512e-01 7.985e-01 7.823e-01 
7.950e-11 1.349e+00 8.930e-01 8.167e-01 7.801e-01 
8.000e-11 1.350e+00 9.158e-01 8.394e-01 7.789e-01 
8.050e-11 1.332e+00 9.156e-01 8.595e-01 7.794e-01 
8.100e-11 1.304e+00 8.983e-01 8.716e-01 7.815e-01 
8.150e-11 1.272e+00 8.715e-01 8.724e-01 7.850e-01 
8.200e-11 1.246e+00 8.448e-01 8.636e-01 7.888e-01 
8.250e-11 1.233e+00 8.255e-01 8.483e-01 7.918e-01 
8.300e-11 1.234e+00 8.167e-01 8.322e-01 7.932e-01 
8.350e-11 1.244e+00 8.190e-01 8.201e-01 7.924e-01 
8.400e-11 1.258e+00 8.287e-01 8.146e-01 7.896e-01 
8.450e-11 1.269e+00 8.414e-01 8.166e-01 7.857e-01 
8.500e-11 1.275e+00 8.527e-01 8.238e-01 7.820e-01 
8.550e-11 1.277e+00 8.595e-01 8.333e-01 7.795e-01 
8.600e-11 1.277e+00 8.613e-01 8.418e-01 7.789e-01 
8.650e-11 1.276e+00 8.588e-01 8.470e-01 7.805e-01 
8.700e-11 1.276e+00 8.545e-01 8.482e-01 7.834e-01 
8.750e-11 1.275e+00 8.502e-01 8.458e-01 7.867e-01 
8.800e-11 1.274e+00 8.474e-01 8.415e-01 7.893e-01 
8.850e-11 1.272e+00 8.465e-01 8.370e-01 7.905e-01 
8.900e-11 1.271e+00 8.470e-01 8.336e-01 7.901e-01 
8.950e-11 1.271e+00 8.481e-01 8.322e-01 7.883e-01 
9.000e-11 1.273e+00 8.493e-01 8.325e-01 7.860e-01 
9.050e-11 1.278e+00 8.502e-01 8.341e-01 7.839e-01 
9.100e-11 1.285e+00 8.511e-01 8.361e-01 7.827e-01 
9.150e-11 1.294e+00 8.524e-01 8.379e-01 7.826e-01 
9.200e-11 1.305e+00 8.546e-01 8.392e-01 7.834e-01 
9.250e-11 1.320e+00 8.577e-01 8.398e-01 7.848e-01 
9.300e-11 1.340e+00 8.621e-01 8.401e-01 7.862e-01 
9.350e-11 1.370e+00 8.679e-01 8.405e-01 7.871e-01 
9.400e-11 1.412e+00 8.757e-01 8.413e-01 7.874e-01 
9.450e-11 1.474e+00 8.866e-01 8.428e-01 7.872e-01 
9.500e-11 1.563e+00 9.019e-01 8.452e-01 7.866e-01 
9.550e-11 1.695e+00 9.246e-01 8.489e-01 7.860e-01 
9.600e-11 1.886e+00 9.573e-01 8.543e-01 7.856e-01 
9.650e-11 2.175e+00 1.007e+00 8.622e-01 7.856e-01 
9.700e-11 2.608e+00 1.079e+00 8.735e-01 7.861e-01 
9.750e-11 3.275e+00 1.188e+00 8.904e-01 7.869e-01 
9.800e-11 4.210e+00 1.351e+00 9.151e-01 7.879e-01 
9.850e-11 5.320e+00 1.597e+00 9.525e-01 7.893e-01 
9.900e-11 6.223e+00 1.945e+00 1.007e+00 7.911e-01 
9.950e-11 6.491e+00 2.421e+00 1.085e+00 7.935e-01 
1.000e-10 6.204e+00 3.028e+00 1.192e+00 7.969e-01 
1.005e-10 5.757e+00 3.807e+00 1.337e+00 8.018e-01 
1.010e-10 5.595e+00 4.770e+00 1.528e+00 8.089e-01 
1.015e-10 5.903e+00 5.822e+00 1.794e+00 8.188e-01 
1.020e-10 6.475e+00 6.672e+00 2.158e+00 8.323e-01 
1.025e-10 6.963e+00 7.045e+00 2.666e+00 8.507e-01 
1.030e-10 7.134e+00 6.978e+00 3.354e+00 8.751e-01 
1.035e-10 6.962e+00 6.625e+00 4.300e+00 9.086e-01 
1.040e-10 6.642e+00 6.257e+00 5.452e+00 9.541e-01 
1.045e-10 6.392e+00 6.100e+00 6.516e+00 1.019e+00 
1.050e-10 6.328e+00 6.224e+00 7.120e+00 1.108e+00 
1.055e-10 6.436e+00 6.569e+00 7.124e+00 1.237e+00 
1.060e-10 6.596e+00 6.950e+00 6.764e+00 1.419e+00 
1.065e-10 6.711e+00 7.195e+00 6.366e+00 1.683e+00 
1.070e-10 6.759e+00 7.239e+00 6.223e+00 2.058e+00 
1.075e-10 6.766e+00 7.094e+00 6.454e+00 2.589e+00 
1.080e-10 6.767e+00 6.874e+00 6.893e+00 3.307e+00 
1.085e-10 6.762e+00 6.703e+00 7.293e+00 4.284e+00 
1.090e-10 6.732e+00 6.662e+00 7.477e+00 5.463e+00 
1.095e-10 6.667e+00 6.759e+00 7.382e+00 6.537e+00 
1.100e-10 6.594e+00 6.912e+00 7.112e+00 7.134e+00 
1.105e-10 6.557e+00 7.027e+00 6.824e+00 7.128e+00 
1.110e-10 6.582e+00 7.053e+00 6.678e+00 6.771e+00 
1.115e-10 6.659e+00 6.985e+00 6.751e+00 6.390e+00 
1.120e-10 6.742e+00 6.881e+00 6.969e+00 6.271e+00 
1.125e-10 6.781e+00 6.806e+00 7.204e+00 6.512e+00 
1.130e-10 6.761e+00 6.800e+00 7.344e+00 6.940e+00 
1.135e-10 6.699e+00 6.862e+00 7.332e+00 7.312e+00 
1.140e-10 6.640e+00 6.947e+00 7.204e+00 7.470e+00 
1.145e-10 6.618e+00 7.005e+00 7.032e+00 7.367e+00 
1.150e-10 6.637e+00 7.010e+00 6.906e+00 7.114e+00 
1.155e-10 6.678e+00 6.961e+00 6.885e+00 6.867e+00 
1.160e-10 6.710e+00 6.892e+00 6.957e+00 6.765e+00 
1.165e-10 6.715e+00 6.838e+00 7.071e+00 6.865e+00 
1.170e-10 6.697e+00 6.825e+00 7.162e+00 7.083e+00 
1.175e-10 6.672e+00 6.855e+00 7.187e+00 7.300e+00 
1.180e-10 6.656e+00 6.907e+00 7.151e+00 7.416e+00 
1.185e-10 6.659e+00 6.952e+00 7.080e+00 7.380e+00 
1.190e-10 6.673e+00 6.971e+00 7.018e+00 7.226e+00 
1.195e-10 6.688e+00 6.958e+00 6.997e+00 7.024e+00 
1.200e-10 6.696e+00 6.925e+00 7.019e+00 6.867e+00 
1.205e-10 6.694e+00 6.890e+00 7.065e+00 6.825e+00 
1.210e-10 6.686e+00 6.870e+00 7.105e+00 6.896e+00 
1.215e-10 6.678e+00 6.872e+00 7.115e+00 7.031e+00 
1.220e-10 6.672e+00 6.891e+00 7.094e+00 7.159e+00 
1.225e-10 6.671e+00 6.913e+00 7.055e+00 7.222e+00 
1.230e-10 6.672e+00 6.928e+00 7.021e+00 7.213e+00 
1.235e-10 6.675e+00 6.928e+00 7.012e+00 7.144e+00 
1.240e-10 6.679e+00 6.917e+00 7.030e+00 7.060e+00 
1.245e-10 6.683e+00 6.902e+00 7.065e+00 6.998e+00 
1.250e-10 6.685e+00 6.892e+00 7.098e+00 6.979e+00 
1.255e-10 6.685e+00 6.893e+00 7.113e+00 7.003e+00 
1.260e-10 6.682e+00 6.903e+00 7.104e+00 7.048e+00 
1.265e-10 6.678e+00 6.915e+00 7.077e+00 7.089e+00 
1.270e-10 6.676e+00 6.923e+00 7.046e+00 7.108e+00 
1.275e-10 6.676e+00 6.921e+00 7.026e+00 7.103e+00 
1.280e-10 6.678e+00 6.913e+00 7.024e+00 7.082e+00 
1.285e-10 6.681e+00 6.901e+00 7.040e+00 7.059e+00 
1.290e-10 6.682e+00 6.893e+00 7.063e+00 7.045e+00 
1.295e-10 6.680e+00 6.892e+00 7.083e+00 7.045e+00 
1.300e-10 6.678e+00 6.899e+00 7.091e+00 7.054e+00 
1.305e-10 6.676e+00 6.909e+00 7.085e+00 7.066e+00 
1.310e-10 6.676e+00 6.918e+00 7.072e+00 7.074e+00 
1.315e-10 6.679e+00 6.921e+00 7.057e+00 7.076e+00 
1.320e-10 6.681e+00 6.918e+00 7.047e+00 7.071e+00 
1.325e-10 6.683e+00 6.910e+00 7.046e+00 7.065e+00 
1.330e-10 6.683e+00 6.903e+00 7.053e+00 7.060e+00 
1.335e-10 6.681e+00 6.898e+00 7.062e+00 7.058e+00 
1.340e-10 6.678e+00 6.898e+00 7.070e+00 7.060e+00 
1.345e-10 6.676e+00 6.902e+00 7.072e+00 7.064e+00 
1.350e-10 6.675e+00 6.908e+00 7.070e+00 7.067e+00 
1.355e-10 6.677e+00 6.912e+00 7.065e+00 7.068e+00 
1.360e-10 6.679e+00 6.914e+00 7.060e+00 7.067e+00 
1.365e-10 6.681e+00 6.912e+00 7.058e+00 7.065e+00 
1.370e-10 6.682e+00 6.909e+00 7.058e+00 7.064e+00 
1.375e-10 6.682e+00 6.906e+00 7.061e+00 7.063e+00 
1.380e-10 6.681e+00 6.904e+00 7.063e+00 7.063e+00 
1.385e-10 6.679e+00 6.904e+00 7.065e+00 7.064e+00 
1.390e-10 6.678e+00 6.905e+00 7.065e+00 7.065e+00 
1.395e-10 6.677e+00 6.907e+00 7.064e+00 7.066e+00 
1.400e-10 6.678e+00 6.909e+00 7.062e+00 7.065e+00 
1.405e-10 6.679e+00 6.909e+00 7.061e+00 7.065e+00 
1.410e-10 6.680e+00 6.909e+00 7.061e+00 7.064e+00 
1.415e-10 6.681e+00 6.908e+00 7.062e+00 7.064e+00 
1.420e-10 6.681e+00 6.907e+00 7.063e+00 7.064e+00 
1.425e-10 6.680e+00 6.906e+00 7.063e+00 7.065e+00 
1.430e-10 6.679e+00 6.906e+00 7.064e+00 7.065e+00 
1.435e-10 6.679e+00 6.907e+00 7.063e+00 7.065e+00 
1.440e-10 6.678e+00 6.908e+00 7.063e+00 7.065e+00 
1.445e-10 6.679e+00 6.908e+00 7.062e+00 7.065e+00 
1.450e-10 6.679e+00 6.908e+00 7.062e+00 7.065e+00 
1.455e-10 6.679e+00 6.907e+00 7.062e+00 7.064e+00 
1.460e-10 6.680e+00 6.907e+00 7.063e+00 7.065e+00 
1.465e-10 6.680e+00 6.907e+00 7.063e+00 7.065e+00 
1.470e-10 6.680e+00 6.907e+00 7.063e+00 7.065e+00 
1.475e-10 6.679e+00 6.907e+00 7.063e+00 7.065e+00 
1.480e-10 6.679e+00 6.907e+00 7.063e+00 7.065e+00 
1.485e-10 6.679e+00 6.907e+00 7.063e+00 7.065e+00 
1.490e-10 6.679e+00 6.907e+00 7.063e+00 7.065e+00 
1.495e-10 6.679e+00 6.907e+00 7.063e+00 7.065e+00 
1.500e-10 6.679e+00 6.907e+00 7.063e+00 7.065e+00 
1.505e-10 6.679e+00 6.907e+00 7.063e+00 7.065e+00 
1.510e-10 6.679e+00 6.907e+00 7.063e+00 7.065e+00 
1.515e-10 6.679e+00 6.907e+00 7.063e+00 7.065e+00 
1.520e-10 6.679e+00 6.907e+00 7.063e+00 7.065e+00 
1.525e-10 6.679e+00 6.907e+00 7.063e+00 7.065e+00 
1.530e-10 6.679e+00 6.907e+00 7.063e+00 7.065e+00 
1.535e-10 6.679e+00 6.907e+00 7.063e+00 7.065e+00 
1.540e-10 6.679e+00 6.907e+00 7.063e+00 7.065e+00 
1.545e-10 6.679e+00 6.907e+00 7.063e+00 7.065e+00 
1.550e-10 6.679e+00 6.907e+00 7.063e+00 7.065e+00 
1.555e-10 6.679e+00 6.907e+00 7.063e+00 7.065e+00 
1.560e-10 6.679e+00 6.907e+00 7.063e+00 7.065e+00 
1.565e-10 6.679e+00 6.907e+00 7.063e+00 7.065e+00 
1.570e-10 6.679e+00 6.907e+00 7.063e+00 7.065e+00 
1.575e-10 6.679e+00 6.907e+00 7.063e+00 7.065e+00 
1.580e-10 6.679e+00 6.907e+00 7.063e+00 7.065e+00 
1.585e-10 6.679e+00 6.907e+00 7.063e+00 7.065e+00 
1.590e-10 6.679e+00 6.907e+00 7.063e+00 7.065e+00 
1.595e-10 6.679e+00 6.907e+00 7.063e+00 7.065e+00 
1.600e-10 6.679e+00 6.907e+00 7.063e+00 7.065e+00 
1.605e-10 6.679e+00 6.907e+00 7.063e+00 7.065e+00 
1.610e-10 6.679e+00 6.907e+00 7.063e+00 7.065e+00 
1.615e-10 6.679e+00 6.907e+00 7.063e+00 7.065e+00 
1.620e-10 6.679e+00 6.907e+00 7.063e+00 7.065e+00 
1.625e-10 6.679e+00 6.907e+00 7.063e+00 7.065e+00 
1.630e-10 6.679e+00 6.907e+00 7.063e+00 7.065e+00 
1.635e-10 6.679e+00 6.907e+00 7.063e+00 7.065e+00 
1.640e-10 6.679e+00 6.907e+00 7.063e+00 7.065e+00 
1.645e-10 6.679e+00 6.907e+00 7.063e+00 7.065e+00 
1.650e-10 6.679e+00 6.907e+00 7.063e+00 7.065e+00 
1.655e-10 6.679e+00 6.907e+00 7.063e+00 7.065e+00 
1.660e-10 6.679e+00 6.907e+00 7.063e+00 7.065e+00 
1.665e-10 6.679e+00 6.907e+00 7.063e+00 7.065e+00 
1.670e-10 6.679e+00 6.907e+00 7.063e+00 7.065e+00 
1.675e-10 6.679e+00 6.907e+00 7.063e+00 7.065e+00 
1.680e-10 6.679e+00 6.907e+00 7.063e+00 7.065e+00 
1.685e-10 6.679e+00 6.907e+00 7.063e+00 7.065e+00 
1.690e-10 6.679e+00 6.907e+00 7.063e+00 7.065e+00 
1.695e-10 6.679e+00 6.907e+00 7.063e+00 7.065e+00 
1.700e-10 6.679e+00 6.907e+00 7.063e+00 7.065e+00 
1.705e-10 6.679e+00 6.907e+00 7.063e+00 7.065e+00 
1.710e-10 6.679e+00 6.907e+00 7.063e+00 7.065e+00 
1.715e-10 6.679e+00 6.907e+00 7.063e+00 7.065e+00 
1.720e-10 6.679e+00 6.907e+00 7.063e+00 7.065e+00 
1.725e-10 6.679e+00 6.907e+00 7.063e+00 7.065e+00 
1.730e-10 6.679e+00 6.907e+00 7.063e+00 7.065e+00 
1.735e-10 6.679e+00 6.907e+00 7.063e+00 7.065e+00 
1.740e-10 6.679e+00 6.907e+00 7.063e+00 7.065e+00 
1.745e-10 6.679e+00 6.907e+00 7.063e+00 7.065e+00 
1.750e-10 6.679e+00 6.907e+00 7.063e+00 7.065e+00 
1.755e-10 6.679e+00 6.907e+00 7.063e+00 7.065e+00 
1.760e-10 6.679e+00 6.907e+00 7.063e+00 7.065e+00 
1.765e-10 6.679e+00 6.907e+00 7.063e+00 7.065e+00 
1.770e-10 6.679e+00 6.907e+00 7.063e+00 7.065e+00 
1.775e-10 6.679e+00 6.907e+00 7.063e+00 7.065e+00 
1.780e-10 6.679e+00 6.907e+00 7.063e+00 7.065e+00 
1.785e-10 6.679e+00 6.907e+00 7.063e+00 7.065e+00 
1.790e-10 6.679e+00 6.907e+00 7.063e+00 7.065e+00 
1.795e-10 6.679e+00 6.907e+00 7.063e+00 7.065e+00 
1.800e-10 6.679e+00 6.907e+00 7.063e+00 7.065e+00 
1.805e-10 6.679e+00 6.907e+00 7.063e+00 7.065e+00 
1.810e-10 6.679e+00 6.907e+00 7.063e+00 7.065e+00 
1.815e-10 6.679e+00 6.907e+00 7.063e+00 7.065e+00 
1.820e-10 6.679e+00 6.907e+00 7.063e+00 7.065e+00 
1.825e-10 6.679e+00 6.907e+00 7.063e+00 7.065e+00 
1.830e-10 6.679e+00 6.907e+00 7.063e+00 7.065e+00 
1.835e-10 6.679e+00 6.907e+00 7.063e+00 7.065e+00 
1.840e-10 6.679e+00 6.907e+00 7.063e+00 7.065e+00 
1.845e-10 6.679e+00 6.907e+00 7.063e+00 7.065e+00 
1.850e-10 6.679e+00 6.907e+00 7.063e+00 7.065e+00 
1.855e-10 6.679e+00 6.907e+00 7.063e+00 7.065e+00 
1.860e-10 6.679e+00 6.907e+00 7.063e+00 7.065e+00 
1.865e-10 6.679e+00 6.907e+00 7.063e+00 7.065e+00 
1.870e-10 6.679e+00 6.907e+00 7.063e+00 7.065e+00 
1.875e-10 6.679e+00 6.907e+00 7.063e+00 7.065e+00 
1.880e-10 6.679e+00 6.907e+00 7.063e+00 7.065e+00 
1.885e-10 6.679e+00 6.907e+00 7.063e+00 7.065e+00 
1.890e-10 6.679e+00 6.907e+00 7.063e+00 7.065e+00 
1.895e-10 6.679e+00 6.907e+00 7.063e+00 7.065e+00 
1.900e-10 6.679e+00 6.907e+00 7.063e+00 7.065e+00 
1.905e-10 6.679e+00 6.907e+00 7.063e+00 7.065e+00 
1.910e-10 6.679e+00 6.907e+00 7.063e+00 7.065e+00 
1.915e-10 6.679e+00 6.907e+00 7.063e+00 7.065e+00 
1.920e-10 6.679e+00 6.907e+00 7.063e+00 7.065e+00 
1.925e-10 6.679e+00 6.907e+00 7.063e+00 7.065e+00 
1.930e-10 6.679e+00 6.907e+00 7.063e+00 7.065e+00 
1.935e-10 6.679e+00 6.907e+00 7.063e+00 7.065e+00 
1.940e-10 6.679e+00 6.907e+00 7.063e+00 7.065e+00 
1.945e-10 6.679e+00 6.907e+00 7.063e+00 7.065e+00 
1.950e-10 6.679e+00 6.907e+00 7.063e+00 7.065e+00 
1.955e-10 6.679e+00 6.907e+00 7.063e+00 7.065e+00 
1.960e-10 6.679e+00 6.907e+00 7.063e+00 7.065e+00 
1.965e-10 6.679e+00 6.907e+00 7.063e+00 7.065e+00 
1.970e-10 6.679e+00 6.907e+00 7.063e+00 7.065e+00 
1.975e-10 6.679e+00 6.907e+00 7.063e+00 7.065e+00 
1.980e-10 6.679e+00 6.907e+00 7.063e+00 7.065e+00 
1.985e-10 6.679e+00 6.907e+00 7.063e+00 7.065e+00 
1.990e-10 6.679e+00 6.907e+00 7.063e+00 7.065e+00 
1.995e-10 6.679e+00 6.907e+00 7.063e+00 7.065e+00 
2.000e-10 6.679e+00 6.907e+00 7.063e+00 7.065e+00 
2.005e-10 6.679e+00 6.907e+00 7.063e+00 7.065e+00 
2.010e-10 6.679e+00 6.907e+00 7.063e+00 7.065e+00 
2.015e-10 6.679e+00 6.907e+00 7.063e+00 7.065e+00 
2.020e-10 6.679e+00 6.907e+00 7.063e+00 7.065e+00 
2.025e-10 6.679e+00 6.907e+00 7.063e+00 7.065e+00 
2.030e-10 6.679e+00 6.907e+00 7.063e+00 7.065e+00 
2.035e-10 6.679e+00 6.907e+00 7.063e+00 7.065e+00 
2.040e-10 6.679e+00 6.907e+00 7.063e+00 7.065e+00 
2.045e-10 6.679e+00 6.907e+00 7.063e+00 7.065e+00 
2.050e-10 6.679e+00 6.907e+00 7.063e+00 7.065e+00 
2.055e-10 6.679e+00 6.907e+00 7.063e+00 7.065e+00 
2.060e-10 6.679e+00 6.907e+00 7.063e+00 7.065e+00 
2.065e-10 6.679e+00 6.907e+00 7.063e+00 7.065e+00 
2.070e-10 6.679e+00 6.907e+00 7.063e+00 7.065e+00 
2.075e-10 6.679e+00 6.907e+00 7.063e+00 7.065e+00 
2.080e-10 6.679e+00 6.907e+00 7.063e+00 7.065e+00 
2.085e-10 6.679e+00 6.907e+00 7.063e+00 7.065e+00 
2.090e-10 6.679e+00 6.907e+00 7.063e+00 7.065e+00 
2.095e-10 6.679e+00 6.907e+00 7.063e+00 7.065e+00 
2.100e-10 6.679e+00 6.907e+00 7.063e+00 7.065e+00 
2.105e-10 6.679e+00 6.907e+00 7.063e+00 7.065e+00 
2.110e-10 6.679e+00 6.907e+00 7.063e+00 7.065e+00 
2.115e-10 6.679e+00 6.907e+00 7.063e+00 7.065e+00 
2.120e-10 6.679e+00 6.907e+00 7.063e+00 7.065e+00 
2.125e-10 6.679e+00 6.907e+00 7.063e+00 7.065e+00 
2.130e-10 6.679e+00 6.907e+00 7.063e+00 7.065e+00 
2.135e-10 6.679e+00 6.907e+00 7.063e+00 7.065e+00 
2.140e-10 6.679e+00 6.907e+00 7.063e+00 7.065e+00 
2.145e-10 6.679e+00 6.907e+00 7.063e+00 7.065e+00 
2.150e-10 6.679e+00 6.907e+00 7.063e+00 7.065e+00 
2.155e-10 6.679e+00 6.907e+00 7.063e+00 7.065e+00 
2.160e-10 6.679e+00 6.907e+00 7.063e+00 7.065e+00 
2.165e-10 6.679e+00 6.907e+00 7.063e+00 7.065e+00 
2.170e-10 6.679e+00 6.907e+00 7.063e+00 7.065e+00 
2.175e-10 6.679e+00 6.907e+00 7.063e+00 7.065e+00 
2.180e-10 6.679e+00 6.907e+00 7.063e+00 7.065e+00 
2.185e-10 6.679e+00 6.907e+00 7.063e+00 7.065e+00 
2.190e-10 6.679e+00 6.907e+00 7.063e+00 7.065e+00 
2.195e-10 6.679e+00 6.907e+00 7.063e+00 7.065e+00 
2.200e-10 6.679e+00 6.907e+00 7.063e+00 7.065e+00 
2.205e-10 6.679e+00 6.907e+00 7.063e+00 7.065e+00 
2.210e-10 6.679e+00 6.907e+00 7.063e+00 7.065e+00 
2.215e-10 6.679e+00 6.907e+00 7.063e+00 7.065e+00 
2.220e-10 6.679e+00 6.907e+00 7.063e+00 7.065e+00 
2.225e-10 6.679e+00 6.907e+00 7.063e+00 7.065e+00 
2.230e-10 6.679e+00 6.907e+00 7.063e+00 7.065e+00 
2.235e-10 6.679e+00 6.907e+00 7.063e+00 7.065e+00 
2.240e-10 6.679e+00 6.907e+00 7.063e+00 7.065e+00 
2.245e-10 6.679e+00 6.907e+00 7.063e+00 7.065e+00 
2.250e-10 6.679e+00 6.907e+00 7.063e+00 7.065e+00 
2.255e-10 6.679e+00 6.907e+00 7.063e+00 7.065e+00 
2.260e-10 6.679e+00 6.907e+00 7.063e+00 7.065e+00 
2.265e-10 6.679e+00 6.907e+00 7.063e+00 7.065e+00 
2.270e-10 6.679e+00 6.907e+00 7.063e+00 7.065e+00 
2.275e-10 6.679e+00 6.907e+00 7.063e+00 7.065e+00 
2.280e-10 6.679e+00 6.907e+00 7.063e+00 7.065e+00 
2.285e-10 6.679e+00 6.907e+00 7.063e+00 7.065e+00 
2.290e-10 6.679e+00 6.907e+00 7.063e+00 7.065e+00 
2.295e-10 6.679e+00 6.907e+00 7.063e+00 7.065e+00 
2.300e-10 6.679e+00 6.907e+00 7.063e+00 7.065e+00 
2.305e-10 6.679e+00 6.907e+00 7.063e+00 7.065e+00 
2.310e-10 6.679e+00 6.907e+00 7.063e+00 7.065e+00 
2.315e-10 6.679e+00 6.907e+00 7.063e+00 7.065e+00 
2.320e-10 6.679e+00 6.907e+00 7.063e+00 7.065e+00 
2.325e-10 6.679e+00 6.907e+00 7.063e+00 7.065e+00 
2.330e-10 6.679e+00 6.907e+00 7.063e+00 7.065e+00 
2.335e-10 6.679e+00 6.907e+00 7.063e+00 7.065e+00 
2.340e-10 6.679e+00 6.907e+00 7.063e+00 7.065e+00 
2.345e-10 6.679e+00 6.907e+00 7.063e+00 7.065e+00 
2.350e-10 6.679e+00 6.907e+00 7.063e+00 7.065e+00 
2.355e-10 6.679e+00 6.907e+00 7.063e+00 7.065e+00 
2.360e-10 6.679e+00 6.907e+00 7.063e+00 7.065e+00 
2.365e-10 6.679e+00 6.907e+00 7.063e+00 7.065e+00 
2.370e-10 6.679e+00 6.907e+00 7.063e+00 7.065e+00 
2.375e-10 6.679e+00 6.907e+00 7.063e+00 7.065e+00 
2.380e-10 6.679e+00 6.907e+00 7.063e+00 7.065e+00 
2.385e-10 6.679e+00 6.907e+00 7.063e+00 7.065e+00 
2.390e-10 6.679e+00 6.907e+00 7.063e+00 7.065e+00 
2.395e-10 6.679e+00 6.907e+00 7.063e+00 7.065e+00 
2.400e-10 6.679e+00 6.907e+00 7.063e+00 7.065e+00 
2.405e-10 6.679e+00 6.907e+00 7.063e+00 7.065e+00 
2.410e-10 6.679e+00 6.907e+00 7.063e+00 7.065e+00 
2.415e-10 6.679e+00 6.907e+00 7.063e+00 7.065e+00 
2.420e-10 6.679e+00 6.907e+00 7.063e+00 7.065e+00 
2.425e-10 6.679e+00 6.907e+00 7.063e+00 7.065e+00 
2.430e-10 6.679e+00 6.907e+00 7.063e+00 7.065e+00 
2.435e-10 6.679e+00 6.907e+00 7.063e+00 7.065e+00 
2.440e-10 6.679e+00 6.907e+00 7.063e+00 7.065e+00 
2.445e-10 6.679e+00 6.907e+00 7.063e+00 7.065e+00 
2.450e-10 6.679e+00 6.907e+00 7.063e+00 7.065e+00 
2.455e-10 6.679e+00 6.907e+00 7.063e+00 7.065e+00 
2.460e-10 6.679e+00 6.907e+00 7.063e+00 7.065e+00 
2.465e-10 6.679e+00 6.907e+00 7.063e+00 7.065e+00 
2.470e-10 6.679e+00 6.907e+00 7.063e+00 7.065e+00 
2.475e-10 6.679e+00 6.907e+00 7.063e+00 7.065e+00 
2.480e-10 6.679e+00 6.907e+00 7.063e+00 7.065e+00 
2.485e-10 6.679e+00 6.907e+00 7.063e+00 7.065e+00 
2.490e-10 6.679e+00 6.907e+00 7.063e+00 7.065e+00 
2.495e-10 6.679e+00 6.907e+00 7.063e+00 7.065e+00 
2.500e-10 6.679e+00 6.907e+00 7.063e+00 7.065e+00 
2.505e-10 6.679e+00 6.907e+00 7.063e+00 7.065e+00 
2.510e-10 6.679e+00 6.907e+00 7.063e+00 7.065e+00 
2.515e-10 6.679e+00 6.907e+00 7.063e+00 7.065e+00 
2.520e-10 6.679e+00 6.907e+00 7.063e+00 7.065e+00 
2.525e-10 6.679e+00 6.907e+00 7.063e+00 7.065e+00 
2.530e-10 6.679e+00 6.907e+00 7.063e+00 7.065e+00 
2.535e-10 6.679e+00 6.907e+00 7.063e+00 7.065e+00 
2.540e-10 6.679e+00 6.907e+00 7.063e+00 7.065e+00 
2.545e-10 6.679e+00 6.907e+00 7.063e+00 7.065e+00 
2.550e-10 6.679e+00 6.907e+00 7.063e+00 7.065e+00 
2.555e-10 6.679e+00 6.907e+00 7.063e+00 7.065e+00 
2.560e-10 6.679e+00 6.907e+00 7.063e+00 7.065e+00 
2.565e-10 6.679e+00 6.907e+00 7.063e+00 7.065e+00 
2.570e-10 6.679e+00 6.907e+00 7.063e+00 7.065e+00 
2.575e-10 6.679e+00 6.907e+00 7.063e+00 7.065e+00 
2.580e-10 6.679e+00 6.907e+00 7.063e+00 7.065e+00 
2.585e-10 6.679e+00 6.907e+00 7.063e+00 7.065e+00 
2.590e-10 6.679e+00 6.907e+00 7.063e+00 7.065e+00 
2.595e-10 6.679e+00 6.907e+00 7.063e+00 7.065e+00 
2.600e-10 6.679e+00 6.907e+00 7.063e+00 7.065e+00 
2.605e-10 6.679e+00 6.907e+00 7.063e+00 7.065e+00 
2.610e-10 6.679e+00 6.907e+00 7.063e+00 7.065e+00 
2.615e-10 6.679e+00 6.907e+00 7.063e+00 7.065e+00 
2.620e-10 6.679e+00 6.907e+00 7.063e+00 7.065e+00 
2.625e-10 6.679e+00 6.907e+00 7.063e+00 7.065e+00 
2.630e-10 6.679e+00 6.907e+00 7.063e+00 7.065e+00 
2.635e-10 6.679e+00 6.907e+00 7.063e+00 7.065e+00 
2.640e-10 6.679e+00 6.907e+00 7.063e+00 7.065e+00 
2.645e-10 6.679e+00 6.907e+00 7.063e+00 7.065e+00 
2.650e-10 6.679e+00 6.907e+00 7.063e+00 7.065e+00 
2.655e-10 6.679e+00 6.907e+00 7.063e+00 7.065e+00 
2.660e-10 6.679e+00 6.907e+00 7.063e+00 7.065e+00 
2.665e-10 6.679e+00 6.907e+00 7.063e+00 7.065e+00 
2.670e-10 6.679e+00 6.907e+00 7.063e+00 7.065e+00 
2.675e-10 6.679e+00 6.907e+00 7.063e+00 7.065e+00 
2.680e-10 6.679e+00 6.907e+00 7.063e+00 7.065e+00 
2.685e-10 6.679e+00 6.907e+00 7.063e+00 7.065e+00 
2.690e-10 6.679e+00 6.907e+00 7.063e+00 7.065e+00 
2.695e-10 6.679e+00 6.907e+00 7.063e+00 7.065e+00 
2.700e-10 6.679e+00 6.907e+00 7.063e+00 7.065e+00 
2.705e-10 6.679e+00 6.907e+00 7.063e+00 7.065e+00 
2.710e-10 6.679e+00 6.907e+00 7.063e+00 7.065e+00 
2.715e-10 6.679e+00 6.907e+00 7.063e+00 7.065e+00 
2.720e-10 6.679e+00 6.907e+00 7.063e+00 7.065e+00 
2.725e-10 6.679e+00 6.907e+00 7.063e+00 7.065e+00 
2.730e-10 6.679e+00 6.907e+00 7.063e+00 7.065e+00 
2.735e-10 6.679e+00 6.907e+00 7.063e+00 7.065e+00 
2.740e-10 6.679e+00 6.907e+00 7.063e+00 7.065e+00 
2.745e-10 6.679e+00 6.907e+00 7.063e+00 7.065e+00 
2.750e-10 6.679e+00 6.907e+00 7.063e+00 7.065e+00 
2.755e-10 6.679e+00 6.907e+00 7.063e+00 7.065e+00 
2.760e-10 6.679e+00 6.907e+00 7.063e+00 7.065e+00 
2.765e-10 6.679e+00 6.907e+00 7.063e+00 7.065e+00 
2.770e-10 6.679e+00 6.907e+00 7.063e+00 7.065e+00 
2.775e-10 6.679e+00 6.907e+00 7.063e+00 7.065e+00 
2.780e-10 6.679e+00 6.907e+00 7.063e+00 7.065e+00 
2.785e-10 6.679e+00 6.907e+00 7.063e+00 7.065e+00 
2.790e-10 6.679e+00 6.907e+00 7.063e+00 7.065e+00 
2.795e-10 6.679e+00 6.907e+00 7.063e+00 7.065e+00 
2.800e-10 6.679e+00 6.907e+00 7.063e+00 7.065e+00 
2.805e-10 6.679e+00 6.907e+00 7.063e+00 7.065e+00 
2.810e-10 6.679e+00 6.907e+00 7.063e+00 7.065e+00 
2.815e-10 6.679e+00 6.907e+00 7.063e+00 7.065e+00 
2.820e-10 6.679e+00 6.907e+00 7.063e+00 7.065e+00 
2.825e-10 6.679e+00 6.907e+00 7.063e+00 7.065e+00 
2.830e-10 6.679e+00 6.907e+00 7.063e+00 7.065e+00 
2.835e-10 6.679e+00 6.907e+00 7.063e+00 7.065e+00 
2.840e-10 6.679e+00 6.907e+00 7.063e+00 7.065e+00 
2.845e-10 6.679e+00 6.907e+00 7.063e+00 7.065e+00 
2.850e-10 6.679e+00 6.907e+00 7.063e+00 7.065e+00 
2.855e-10 6.679e+00 6.907e+00 7.063e+00 7.065e+00 
2.860e-10 6.679e+00 6.907e+00 7.063e+00 7.065e+00 
2.865e-10 6.679e+00 6.907e+00 7.063e+00 7.065e+00 
2.870e-10 6.679e+00 6.907e+00 7.063e+00 7.065e+00 
2.875e-10 6.679e+00 6.907e+00 7.063e+00 7.065e+00 
2.880e-10 6.679e+00 6.907e+00 7.063e+00 7.065e+00 
2.885e-10 6.679e+00 6.907e+00 7.063e+00 7.065e+00 
2.890e-10 6.679e+00 6.907e+00 7.063e+00 7.065e+00 
2.895e-10 6.679e+00 6.907e+00 7.063e+00 7.065e+00 
2.900e-10 6.679e+00 6.907e+00 7.063e+00 7.065e+00 
2.905e-10 6.679e+00 6.907e+00 7.063e+00 7.065e+00 
2.910e-10 6.679e+00 6.907e+00 7.063e+00 7.065e+00 
2.915e-10 6.679e+00 6.907e+00 7.063e+00 7.065e+00 
2.920e-10 6.679e+00 6.907e+00 7.063e+00 7.065e+00 
2.925e-10 6.679e+00 6.907e+00 7.063e+00 7.065e+00 
2.930e-10 6.679e+00 6.907e+00 7.063e+00 7.065e+00 
2.935e-10 6.679e+00 6.907e+00 7.063e+00 7.065e+00 
2.940e-10 6.679e+00 6.907e+00 7.063e+00 7.065e+00 
2.945e-10 6.679e+00 6.907e+00 7.063e+00 7.065e+00 
2.950e-10 6.679e+00 6.907e+00 7.063e+00 7.065e+00 
2.955e-10 6.679e+00 6.907e+00 7.063e+00 7.065e+00 
2.960e-10 6.679e+00 6.907e+00 7.063e+00 7.065e+00 
2.965e-10 6.679e+00 6.907e+00 7.063e+00 7.065e+00 
2.970e-10 6.679e+00 6.907e+00 7.063e+00 7.065e+00 
2.975e-10 6.679e+00 6.907e+00 7.063e+00 7.065e+00 
2.980e-10 6.679e+00 6.907e+00 7.063e+00 7.065e+00 
2.985e-10 6.679e+00 6.907e+00 7.063e+00 7.065e+00 
2.990e-10 6.679e+00 6.907e+00 7.063e+00 7.065e+00 
2.995e-10 6.679e+00 6.907e+00 7.063e+00 7.065e+00 
3.000e-10 6.679e+00 6.907e+00 7.063e+00 7.065e+00 
3.005e-10 6.679e+00 6.907e+00 7.063e+00 7.065e+00 
3.010e-10 6.679e+00 6.907e+00 7.063e+00 7.065e+00 
3.015e-10 6.679e+00 6.907e+00 7.063e+00 7.065e+00 
3.020e-10 6.679e+00 6.907e+00 7.063e+00 7.065e+00 
3.025e-10 6.679e+00 6.907e+00 7.063e+00 7.065e+00 
3.030e-10 6.679e+00 6.907e+00 7.063e+00 7.065e+00 
3.035e-10 6.679e+00 6.907e+00 7.063e+00 7.065e+00 
3.040e-10 6.679e+00 6.907e+00 7.063e+00 7.065e+00 
3.045e-10 6.679e+00 6.907e+00 7.063e+00 7.065e+00 
3.050e-10 6.679e+00 6.907e+00 7.063e+00 7.065e+00 
3.055e-10 6.679e+00 6.907e+00 7.063e+00 7.065e+00 
3.060e-10 6.679e+00 6.907e+00 7.063e+00 7.065e+00 
3.065e-10 6.679e+00 6.907e+00 7.063e+00 7.065e+00 
3.070e-10 6.679e+00 6.907e+00 7.063e+00 7.065e+00 
3.075e-10 6.679e+00 6.907e+00 7.063e+00 7.065e+00 
3.080e-10 6.679e+00 6.907e+00 7.063e+00 7.065e+00 
3.085e-10 6.679e+00 6.907e+00 7.063e+00 7.065e+00 
3.090e-10 6.679e+00 6.907e+00 7.063e+00 7.065e+00 
3.095e-10 6.679e+00 6.907e+00 7.063e+00 7.065e+00 
3.100e-10 6.679e+00 6.907e+00 7.063e+00 7.065e+00 
3.105e-10 6.679e+00 6.907e+00 7.063e+00 7.065e+00 
3.110e-10 6.679e+00 6.907e+00 7.063e+00 7.065e+00 
3.115e-10 6.679e+00 6.907e+00 7.063e+00 7.065e+00 
3.120e-10 6.679e+00 6.907e+00 7.063e+00 7.065e+00 
3.125e-10 6.679e+00 6.907e+00 7.063e+00 7.065e+00 
3.130e-10 6.679e+00 6.907e+00 7.063e+00 7.065e+00 
3.135e-10 6.679e+00 6.907e+00 7.063e+00 7.065e+00 
3.140e-10 6.679e+00 6.907e+00 7.063e+00 7.065e+00 
3.145e-10 6.679e+00 6.907e+00 7.063e+00 7.065e+00 
3.150e-10 6.679e+00 6.907e+00 7.063e+00 7.065e+00 
3.155e-10 6.679e+00 6.907e+00 7.063e+00 7.065e+00 
3.160e-10 6.679e+00 6.907e+00 7.063e+00 7.065e+00 
3.165e-10 6.679e+00 6.907e+00 7.063e+00 7.065e+00 
3.170e-10 6.679e+00 6.907e+00 7.063e+00 7.065e+00 
3.175e-10 6.679e+00 6.907e+00 7.063e+00 7.065e+00 
3.180e-10 6.679e+00 6.907e+00 7.063e+00 7.065e+00 
3.185e-10 6.679e+00 6.907e+00 7.063e+00 7.065e+00 
3.190e-10 6.679e+00 6.907e+00 7.063e+00 7.065e+00 
3.195e-10 6.679e+00 6.907e+00 7.063e+00 7.065e+00 
3.200e-10 6.679e+00 6.907e+00 7.063e+00 7.065e+00 
3.205e-10 6.679e+00 6.907e+00 7.063e+00 7.065e+00 
3.210e-10 6.679e+00 6.907e+00 7.063e+00 7.065e+00 
3.215e-10 6.679e+00 6.907e+00 7.063e+00 7.065e+00 
3.220e-10 6.679e+00 6.907e+00 7.063e+00 7.065e+00 
3.225e-10 6.679e+00 6.907e+00 7.063e+00 7.065e+00 
3.230e-10 6.679e+00 6.907e+00 7.063e+00 7.065e+00 
3.235e-10 6.679e+00 6.907e+00 7.063e+00 7.065e+00 
3.240e-10 6.679e+00 6.907e+00 7.063e+00 7.065e+00 
3.245e-10 6.679e+00 6.907e+00 7.063e+00 7.065e+00 
3.250e-10 6.679e+00 6.907e+00 7.063e+00 7.065e+00 
3.255e-10 6.679e+00 6.907e+00 7.063e+00 7.065e+00 
3.260e-10 6.679e+00 6.907e+00 7.063e+00 7.065e+00 
3.265e-10 6.679e+00 6.907e+00 7.063e+00 7.065e+00 
3.270e-10 6.679e+00 6.907e+00 7.063e+00 7.065e+00 
3.275e-10 6.679e+00 6.907e+00 7.063e+00 7.065e+00 
3.280e-10 6.679e+00 6.907e+00 7.063e+00 7.065e+00 
3.285e-10 6.679e+00 6.907e+00 7.063e+00 7.065e+00 
3.290e-10 6.679e+00 6.907e+00 7.063e+00 7.065e+00 
3.295e-10 6.679e+00 6.907e+00 7.063e+00 7.065e+00 
3.300e-10 6.679e+00 6.907e+00 7.063e+00 7.065e+00 
3.305e-10 6.679e+00 6.907e+00 7.063e+00 7.065e+00 
3.310e-10 6.679e+00 6.907e+00 7.063e+00 7.065e+00 
3.315e-10 6.679e+00 6.907e+00 7.063e+00 7.065e+00 
3.320e-10 6.679e+00 6.907e+00 7.063e+00 7.065e+00 
3.325e-10 6.679e+00 6.907e+00 7.063e+00 7.065e+00 
3.330e-10 6.679e+00 6.907e+00 7.063e+00 7.065e+00 
3.335e-10 6.679e+00 6.907e+00 7.063e+00 7.065e+00 
3.340e-10 6.679e+00 6.907e+00 7.063e+00 7.065e+00 
3.345e-10 6.679e+00 6.907e+00 7.063e+00 7.065e+00 
3.350e-10 6.679e+00 6.907e+00 7.063e+00 7.065e+00 
3.355e-10 6.679e+00 6.907e+00 7.063e+00 7.065e+00 
3.360e-10 6.679e+00 6.907e+00 7.063e+00 7.065e+00 
3.365e-10 6.679e+00 6.907e+00 7.063e+00 7.065e+00 
3.370e-10 6.679e+00 6.907e+00 7.063e+00 7.065e+00 
3.375e-10 6.679e+00 6.907e+00 7.063e+00 7.065e+00 
3.380e-10 6.679e+00 6.907e+00 7.063e+00 7.065e+00 
3.385e-10 6.679e+00 6.907e+00 7.063e+00 7.065e+00 
3.390e-10 6.679e+00 6.907e+00 7.063e+00 7.065e+00 
3.395e-10 6.679e+00 6.907e+00 7.063e+00 7.065e+00 
3.400e-10 6.679e+00 6.907e+00 7.063e+00 7.065e+00 
3.405e-10 6.679e+00 6.907e+00 7.063e+00 7.065e+00 
3.410e-10 6.679e+00 6.907e+00 7.063e+00 7.065e+00 
3.415e-10 6.679e+00 6.907e+00 7.063e+00 7.065e+00 
3.420e-10 6.679e+00 6.907e+00 7.063e+00 7.065e+00 
3.425e-10 6.679e+00 6.907e+00 7.063e+00 7.065e+00 
3.430e-10 6.679e+00 6.907e+00 7.063e+00 7.065e+00 
3.435e-10 6.679e+00 6.907e+00 7.063e+00 7.065e+00 
3.440e-10 6.679e+00 6.907e+00 7.063e+00 7.065e+00 
3.445e-10 6.679e+00 6.907e+00 7.063e+00 7.065e+00 
3.450e-10 6.679e+00 6.907e+00 7.063e+00 7.065e+00 
3.455e-10 6.679e+00 6.907e+00 7.063e+00 7.065e+00 
3.460e-10 6.679e+00 6.907e+00 7.063e+00 7.065e+00 
3.465e-10 6.679e+00 6.907e+00 7.063e+00 7.065e+00 
3.470e-10 6.679e+00 6.907e+00 7.063e+00 7.065e+00 
3.475e-10 6.679e+00 6.907e+00 7.063e+00 7.065e+00 
3.480e-10 6.679e+00 6.907e+00 7.063e+00 7.065e+00 
3.485e-10 6.679e+00 6.907e+00 7.063e+00 7.065e+00 
3.490e-10 6.679e+00 6.907e+00 7.063e+00 7.065e+00 
3.495e-10 6.679e+00 6.907e+00 7.063e+00 7.065e+00 
3.500e-10 6.679e+00 6.907e+00 7.063e+00 7.065e+00 
3.505e-10 6.679e+00 6.907e+00 7.063e+00 7.065e+00 
3.510e-10 6.679e+00 6.907e+00 7.063e+00 7.065e+00 
3.515e-10 6.679e+00 6.907e+00 7.063e+00 7.065e+00 
3.520e-10 6.679e+00 6.907e+00 7.063e+00 7.065e+00 
3.525e-10 6.679e+00 6.907e+00 7.063e+00 7.065e+00 
3.530e-10 6.679e+00 6.907e+00 7.063e+00 7.065e+00 
3.535e-10 6.679e+00 6.907e+00 7.063e+00 7.065e+00 
3.540e-10 6.679e+00 6.907e+00 7.063e+00 7.065e+00 
3.545e-10 6.679e+00 6.907e+00 7.063e+00 7.065e+00 
3.550e-10 6.679e+00 6.907e+00 7.063e+00 7.065e+00 
3.555e-10 6.679e+00 6.907e+00 7.063e+00 7.065e+00 
3.560e-10 6.679e+00 6.907e+00 7.063e+00 7.065e+00 
3.565e-10 6.679e+00 6.907e+00 7.063e+00 7.065e+00 
3.570e-10 6.679e+00 6.907e+00 7.063e+00 7.065e+00 
3.575e-10 6.679e+00 6.907e+00 7.063e+00 7.065e+00 
3.580e-10 6.679e+00 6.907e+00 7.063e+00 7.065e+00 
3.585e-10 6.679e+00 6.907e+00 7.063e+00 7.065e+00 
3.590e-10 6.679e+00 6.907e+00 7.063e+00 7.065e+00 
3.595e-10 6.679e+00 6.907e+00 7.063e+00 7.065e+00 
3.600e-10 6.679e+00 6.907e+00 7.063e+00 7.065e+00 
3.605e-10 6.679e+00 6.907e+00 7.063e+00 7.065e+00 
3.610e-10 6.679e+00 6.907e+00 7.063e+00 7.065e+00 
3.615e-10 6.679e+00 6.907e+00 7.063e+00 7.065e+00 
3.620e-10 6.679e+00 6.907e+00 7.063e+00 7.065e+00 
3.625e-10 6.679e+00 6.907e+00 7.063e+00 7.065e+00 
3.630e-10 6.679e+00 6.907e+00 7.063e+00 7.065e+00 
3.635e-10 6.679e+00 6.907e+00 7.063e+00 7.065e+00 
3.640e-10 6.679e+00 6.907e+00 7.063e+00 7.065e+00 
3.645e-10 6.679e+00 6.907e+00 7.063e+00 7.065e+00 
3.650e-10 6.679e+00 6.907e+00 7.063e+00 7.065e+00 
3.655e-10 6.679e+00 6.907e+00 7.063e+00 7.065e+00 
3.660e-10 6.679e+00 6.907e+00 7.063e+00 7.065e+00 
3.665e-10 6.679e+00 6.907e+00 7.063e+00 7.065e+00 
3.670e-10 6.679e+00 6.907e+00 7.063e+00 7.065e+00 
3.675e-10 6.679e+00 6.907e+00 7.063e+00 7.065e+00 
3.680e-10 6.679e+00 6.907e+00 7.063e+00 7.065e+00 
3.685e-10 6.679e+00 6.907e+00 7.063e+00 7.065e+00 
3.690e-10 6.679e+00 6.907e+00 7.063e+00 7.065e+00 
3.695e-10 6.679e+00 6.907e+00 7.063e+00 7.065e+00 
3.700e-10 6.679e+00 6.907e+00 7.063e+00 7.065e+00 
3.705e-10 6.679e+00 6.907e+00 7.063e+00 7.065e+00 
3.710e-10 6.679e+00 6.907e+00 7.063e+00 7.065e+00 
3.715e-10 6.679e+00 6.907e+00 7.063e+00 7.065e+00 
3.720e-10 6.679e+00 6.907e+00 7.063e+00 7.065e+00 
3.725e-10 6.679e+00 6.907e+00 7.063e+00 7.065e+00 
3.730e-10 6.679e+00 6.907e+00 7.063e+00 7.065e+00 
3.735e-10 6.679e+00 6.907e+00 7.063e+00 7.065e+00 
3.740e-10 6.679e+00 6.907e+00 7.063e+00 7.065e+00 
3.745e-10 6.679e+00 6.907e+00 7.063e+00 7.065e+00 
3.750e-10 6.679e+00 6.907e+00 7.063e+00 7.065e+00 
3.755e-10 6.679e+00 6.907e+00 7.063e+00 7.065e+00 
3.760e-10 6.679e+00 6.907e+00 7.063e+00 7.065e+00 
3.765e-10 6.679e+00 6.907e+00 7.063e+00 7.065e+00 
3.770e-10 6.679e+00 6.907e+00 7.063e+00 7.065e+00 
3.775e-10 6.679e+00 6.907e+00 7.063e+00 7.065e+00 
3.780e-10 6.679e+00 6.907e+00 7.063e+00 7.065e+00 
3.785e-10 6.679e+00 6.907e+00 7.063e+00 7.065e+00 
3.790e-10 6.679e+00 6.907e+00 7.063e+00 7.065e+00 
3.795e-10 6.679e+00 6.907e+00 7.063e+00 7.065e+00 
3.800e-10 6.679e+00 6.907e+00 7.063e+00 7.065e+00 
3.805e-10 6.679e+00 6.907e+00 7.063e+00 7.065e+00 
3.810e-10 6.679e+00 6.907e+00 7.063e+00 7.065e+00 
3.815e-10 6.679e+00 6.907e+00 7.063e+00 7.065e+00 
3.820e-10 6.679e+00 6.907e+00 7.063e+00 7.065e+00 
3.825e-10 6.679e+00 6.907e+00 7.063e+00 7.065e+00 
3.830e-10 6.679e+00 6.907e+00 7.063e+00 7.065e+00 
3.835e-10 6.679e+00 6.907e+00 7.063e+00 7.065e+00 
3.840e-10 6.679e+00 6.907e+00 7.063e+00 7.065e+00 
3.845e-10 6.679e+00 6.907e+00 7.063e+00 7.065e+00 
3.850e-10 6.679e+00 6.907e+00 7.063e+00 7.065e+00 
3.855e-10 6.679e+00 6.907e+00 7.063e+00 7.065e+00 
3.860e-10 6.679e+00 6.907e+00 7.063e+00 7.065e+00 
3.865e-10 6.679e+00 6.907e+00 7.063e+00 7.065e+00 
3.870e-10 6.679e+00 6.907e+00 7.063e+00 7.065e+00 
3.875e-10 6.679e+00 6.907e+00 7.063e+00 7.065e+00 
3.880e-10 6.679e+00 6.907e+00 7.063e+00 7.065e+00 
3.885e-10 6.679e+00 6.907e+00 7.063e+00 7.065e+00 
3.890e-10 6.679e+00 6.907e+00 7.063e+00 7.065e+00 
3.895e-10 6.679e+00 6.907e+00 7.063e+00 7.065e+00 
3.900e-10 6.679e+00 6.907e+00 7.063e+00 7.065e+00 
3.905e-10 6.679e+00 6.907e+00 7.063e+00 7.065e+00 
3.910e-10 6.679e+00 6.907e+00 7.063e+00 7.065e+00 
3.915e-10 6.679e+00 6.907e+00 7.063e+00 7.065e+00 
3.920e-10 6.679e+00 6.907e+00 7.063e+00 7.065e+00 
3.925e-10 6.679e+00 6.907e+00 7.063e+00 7.065e+00 
3.930e-10 6.679e+00 6.907e+00 7.063e+00 7.065e+00 
3.935e-10 6.679e+00 6.907e+00 7.063e+00 7.065e+00 
3.940e-10 6.679e+00 6.907e+00 7.063e+00 7.065e+00 
3.945e-10 6.679e+00 6.907e+00 7.063e+00 7.065e+00 
3.950e-10 6.679e+00 6.907e+00 7.063e+00 7.065e+00 
3.955e-10 6.679e+00 6.907e+00 7.063e+00 7.065e+00 
3.960e-10 6.679e+00 6.907e+00 7.063e+00 7.065e+00 
3.965e-10 6.679e+00 6.907e+00 7.063e+00 7.065e+00 
3.970e-10 6.679e+00 6.907e+00 7.063e+00 7.065e+00 
3.975e-10 6.679e+00 6.907e+00 7.063e+00 7.065e+00 
3.980e-10 6.679e+00 6.907e+00 7.063e+00 7.065e+00 
3.985e-10 6.679e+00 6.907e+00 7.063e+00 7.065e+00 
3.990e-10 6.679e+00 6.907e+00 7.063e+00 7.065e+00 
3.995e-10 6.679e+00 6.907e+00 7.063e+00 7.065e+00 
4.000e-10 6.679e+00 6.907e+00 7.063e+00 7.065e+00 
4.005e-10 6.679e+00 6.907e+00 7.063e+00 7.065e+00 
4.010e-10 6.679e+00 6.907e+00 7.063e+00 7.065e+00 
4.015e-10 6.679e+00 6.907e+00 7.063e+00 7.065e+00 
4.020e-10 6.679e+00 6.907e+00 7.063e+00 7.065e+00 
4.025e-10 6.679e+00 6.907e+00 7.063e+00 7.065e+00 
4.030e-10 6.679e+00 6.907e+00 7.063e+00 7.065e+00 
4.035e-10 6.679e+00 6.907e+00 7.063e+00 7.065e+00 
4.040e-10 6.679e+00 6.907e+00 7.063e+00 7.065e+00 
4.045e-10 6.679e+00 6.907e+00 7.063e+00 7.065e+00 
4.050e-10 6.679e+00 6.907e+00 7.063e+00 7.065e+00 
4.055e-10 6.679e+00 6.907e+00 7.063e+00 7.065e+00 
4.060e-10 6.679e+00 6.907e+00 7.063e+00 7.065e+00 
4.065e-10 6.679e+00 6.907e+00 7.063e+00 7.065e+00 
4.070e-10 6.679e+00 6.907e+00 7.063e+00 7.065e+00 
4.075e-10 6.679e+00 6.907e+00 7.063e+00 7.065e+00 
4.080e-10 6.679e+00 6.907e+00 7.063e+00 7.065e+00 
4.085e-10 6.679e+00 6.907e+00 7.063e+00 7.065e+00 
4.090e-10 6.679e+00 6.907e+00 7.063e+00 7.065e+00 
4.095e-10 6.679e+00 6.907e+00 7.063e+00 7.065e+00 
4.100e-10 6.679e+00 6.907e+00 7.063e+00 7.065e+00 
4.105e-10 6.679e+00 6.907e+00 7.063e+00 7.065e+00 
4.110e-10 6.679e+00 6.907e+00 7.063e+00 7.065e+00 
4.115e-10 6.679e+00 6.907e+00 7.063e+00 7.065e+00 
4.120e-10 6.679e+00 6.907e+00 7.063e+00 7.065e+00 
4.125e-10 6.679e+00 6.907e+00 7.063e+00 7.065e+00 
4.130e-10 6.679e+00 6.907e+00 7.063e+00 7.065e+00 
4.135e-10 6.679e+00 6.907e+00 7.063e+00 7.065e+00 
4.140e-10 6.679e+00 6.907e+00 7.063e+00 7.065e+00 
4.145e-10 6.679e+00 6.907e+00 7.063e+00 7.065e+00 
4.150e-10 6.679e+00 6.907e+00 7.063e+00 7.065e+00 
4.155e-10 6.679e+00 6.907e+00 7.063e+00 7.065e+00 
4.160e-10 6.679e+00 6.907e+00 7.063e+00 7.065e+00 
4.165e-10 6.679e+00 6.907e+00 7.063e+00 7.065e+00 
4.170e-10 6.679e+00 6.907e+00 7.063e+00 7.065e+00 
4.175e-10 6.679e+00 6.907e+00 7.063e+00 7.065e+00 
4.180e-10 6.679e+00 6.907e+00 7.063e+00 7.065e+00 
4.185e-10 6.679e+00 6.907e+00 7.063e+00 7.065e+00 
4.190e-10 6.679e+00 6.907e+00 7.063e+00 7.065e+00 
4.195e-10 6.679e+00 6.907e+00 7.063e+00 7.065e+00 
4.200e-10 6.679e+00 6.907e+00 7.063e+00 7.065e+00 
4.205e-10 6.679e+00 6.907e+00 7.063e+00 7.065e+00 
4.210e-10 6.679e+00 6.907e+00 7.063e+00 7.065e+00 
4.215e-10 6.679e+00 6.907e+00 7.063e+00 7.065e+00 
4.220e-10 6.679e+00 6.907e+00 7.063e+00 7.065e+00 
4.225e-10 6.679e+00 6.907e+00 7.063e+00 7.065e+00 
4.230e-10 6.679e+00 6.907e+00 7.063e+00 7.065e+00 
4.235e-10 6.679e+00 6.907e+00 7.063e+00 7.065e+00 
4.240e-10 6.679e+00 6.907e+00 7.063e+00 7.065e+00 
4.245e-10 6.679e+00 6.907e+00 7.063e+00 7.065e+00 
4.250e-10 6.679e+00 6.907e+00 7.063e+00 7.065e+00 
4.255e-10 6.679e+00 6.907e+00 7.063e+00 7.065e+00 
4.260e-10 6.679e+00 6.907e+00 7.063e+00 7.065e+00 
4.265e-10 6.679e+00 6.907e+00 7.063e+00 7.065e+00 
4.270e-10 6.679e+00 6.907e+00 7.063e+00 7.065e+00 
4.275e-10 6.679e+00 6.907e+00 7.063e+00 7.065e+00 
4.280e-10 6.679e+00 6.907e+00 7.063e+00 7.065e+00 
4.285e-10 6.679e+00 6.907e+00 7.063e+00 7.065e+00 
4.290e-10 6.679e+00 6.907e+00 7.063e+00 7.065e+00 
4.295e-10 6.679e+00 6.907e+00 7.063e+00 7.065e+00 
4.300e-10 6.679e+00 6.907e+00 7.063e+00 7.065e+00 
4.305e-10 6.679e+00 6.907e+00 7.063e+00 7.065e+00 
4.310e-10 6.679e+00 6.907e+00 7.063e+00 7.065e+00 
4.315e-10 6.679e+00 6.907e+00 7.063e+00 7.065e+00 
4.320e-10 6.679e+00 6.907e+00 7.063e+00 7.065e+00 
4.325e-10 6.679e+00 6.907e+00 7.063e+00 7.065e+00 
4.330e-10 6.679e+00 6.907e+00 7.063e+00 7.065e+00 
4.335e-10 6.679e+00 6.907e+00 7.063e+00 7.065e+00 
4.340e-10 6.679e+00 6.907e+00 7.063e+00 7.065e+00 
4.345e-10 6.679e+00 6.907e+00 7.063e+00 7.065e+00 
4.350e-10 6.679e+00 6.907e+00 7.063e+00 7.065e+00 
4.355e-10 6.679e+00 6.907e+00 7.063e+00 7.065e+00 
4.360e-10 6.679e+00 6.907e+00 7.063e+00 7.065e+00 
4.365e-10 6.679e+00 6.907e+00 7.063e+00 7.065e+00 
4.370e-10 6.679e+00 6.907e+00 7.063e+00 7.065e+00 
4.375e-10 6.679e+00 6.907e+00 7.063e+00 7.065e+00 
4.380e-10 6.679e+00 6.907e+00 7.063e+00 7.065e+00 
4.385e-10 6.679e+00 6.907e+00 7.063e+00 7.065e+00 
4.390e-10 6.679e+00 6.907e+00 7.063e+00 7.065e+00 
4.395e-10 6.679e+00 6.907e+00 7.063e+00 7.065e+00 
4.400e-10 6.679e+00 6.907e+00 7.063e+00 7.065e+00 
4.405e-10 6.679e+00 6.907e+00 7.063e+00 7.065e+00 
4.410e-10 6.679e+00 6.907e+00 7.063e+00 7.065e+00 
4.415e-10 6.679e+00 6.907e+00 7.063e+00 7.065e+00 
4.420e-10 6.679e+00 6.907e+00 7.063e+00 7.065e+00 
4.425e-10 6.679e+00 6.907e+00 7.063e+00 7.065e+00 
4.430e-10 6.679e+00 6.907e+00 7.063e+00 7.065e+00 
4.435e-10 6.679e+00 6.907e+00 7.063e+00 7.065e+00 
4.440e-10 6.679e+00 6.907e+00 7.063e+00 7.065e+00 
4.445e-10 6.679e+00 6.907e+00 7.063e+00 7.065e+00 
4.450e-10 6.679e+00 6.907e+00 7.063e+00 7.065e+00 
4.455e-10 6.679e+00 6.907e+00 7.063e+00 7.065e+00 
4.460e-10 6.679e+00 6.907e+00 7.063e+00 7.065e+00 
4.465e-10 6.679e+00 6.907e+00 7.063e+00 7.065e+00 
4.470e-10 6.679e+00 6.907e+00 7.063e+00 7.065e+00 
4.475e-10 6.679e+00 6.907e+00 7.063e+00 7.065e+00 
4.480e-10 6.679e+00 6.907e+00 7.063e+00 7.065e+00 
4.485e-10 6.679e+00 6.907e+00 7.063e+00 7.065e+00 
4.490e-10 6.679e+00 6.907e+00 7.063e+00 7.065e+00 
4.495e-10 6.679e+00 6.907e+00 7.063e+00 7.065e+00 
4.500e-10 6.679e+00 6.907e+00 7.063e+00 7.065e+00 
4.505e-10 6.679e+00 6.907e+00 7.063e+00 7.065e+00 
4.510e-10 6.679e+00 6.907e+00 7.063e+00 7.065e+00 
4.515e-10 6.679e+00 6.907e+00 7.063e+00 7.065e+00 
4.520e-10 6.679e+00 6.907e+00 7.063e+00 7.065e+00 
4.525e-10 6.679e+00 6.907e+00 7.063e+00 7.065e+00 
4.530e-10 6.679e+00 6.907e+00 7.063e+00 7.065e+00 
4.535e-10 6.679e+00 6.907e+00 7.063e+00 7.065e+00 
4.540e-10 6.679e+00 6.907e+00 7.063e+00 7.065e+00 
4.545e-10 6.679e+00 6.907e+00 7.063e+00 7.065e+00 
4.550e-10 6.679e+00 6.907e+00 7.063e+00 7.065e+00 
4.555e-10 6.679e+00 6.907e+00 7.063e+00 7.065e+00 
4.560e-10 6.679e+00 6.907e+00 7.063e+00 7.065e+00 
4.565e-10 6.679e+00 6.907e+00 7.063e+00 7.065e+00 
4.570e-10 6.679e+00 6.907e+00 7.063e+00 7.065e+00 
4.575e-10 6.679e+00 6.907e+00 7.063e+00 7.065e+00 
4.580e-10 6.679e+00 6.907e+00 7.063e+00 7.065e+00 
4.585e-10 6.679e+00 6.907e+00 7.063e+00 7.065e+00 
4.590e-10 6.679e+00 6.907e+00 7.063e+00 7.065e+00 
4.595e-10 6.679e+00 6.907e+00 7.063e+00 7.065e+00 
4.600e-10 6.679e+00 6.907e+00 7.063e+00 7.065e+00 
4.605e-10 6.679e+00 6.907e+00 7.063e+00 7.065e+00 
4.610e-10 6.679e+00 6.907e+00 7.063e+00 7.065e+00 
4.615e-10 6.679e+00 6.907e+00 7.063e+00 7.065e+00 
4.620e-10 6.679e+00 6.907e+00 7.063e+00 7.065e+00 
4.625e-10 6.679e+00 6.907e+00 7.063e+00 7.065e+00 
4.630e-10 6.679e+00 6.907e+00 7.063e+00 7.065e+00 
4.635e-10 6.679e+00 6.907e+00 7.063e+00 7.065e+00 
4.640e-10 6.679e+00 6.907e+00 7.063e+00 7.065e+00 
4.645e-10 6.679e+00 6.907e+00 7.063e+00 7.065e+00 
4.650e-10 6.679e+00 6.907e+00 7.063e+00 7.065e+00 
4.655e-10 6.679e+00 6.907e+00 7.063e+00 7.065e+00 
4.660e-10 6.679e+00 6.907e+00 7.063e+00 7.065e+00 
4.665e-10 6.679e+00 6.907e+00 7.063e+00 7.065e+00 
4.670e-10 6.679e+00 6.907e+00 7.063e+00 7.065e+00 
4.675e-10 6.679e+00 6.907e+00 7.063e+00 7.065e+00 
4.680e-10 6.679e+00 6.907e+00 7.063e+00 7.065e+00 
4.685e-10 6.679e+00 6.907e+00 7.063e+00 7.065e+00 
4.690e-10 6.679e+00 6.907e+00 7.063e+00 7.065e+00 
4.695e-10 6.679e+00 6.907e+00 7.063e+00 7.065e+00 
4.700e-10 6.679e+00 6.907e+00 7.063e+00 7.065e+00 
4.705e-10 6.679e+00 6.907e+00 7.063e+00 7.065e+00 
4.710e-10 6.679e+00 6.907e+00 7.063e+00 7.065e+00 
4.715e-10 6.679e+00 6.907e+00 7.063e+00 7.065e+00 
4.720e-10 6.679e+00 6.907e+00 7.063e+00 7.065e+00 
4.725e-10 6.679e+00 6.907e+00 7.063e+00 7.065e+00 
4.730e-10 6.679e+00 6.907e+00 7.063e+00 7.065e+00 
4.735e-10 6.679e+00 6.907e+00 7.063e+00 7.065e+00 
4.740e-10 6.679e+00 6.907e+00 7.063e+00 7.065e+00 
4.745e-10 6.679e+00 6.907e+00 7.063e+00 7.065e+00 
4.750e-10 6.679e+00 6.907e+00 7.063e+00 7.065e+00 
4.755e-10 6.679e+00 6.907e+00 7.063e+00 7.065e+00 
4.760e-10 6.679e+00 6.907e+00 7.063e+00 7.065e+00 
4.765e-10 6.679e+00 6.907e+00 7.063e+00 7.065e+00 
4.770e-10 6.679e+00 6.907e+00 7.063e+00 7.065e+00 
4.775e-10 6.679e+00 6.907e+00 7.063e+00 7.065e+00 
4.780e-10 6.679e+00 6.907e+00 7.063e+00 7.065e+00 
4.785e-10 6.679e+00 6.907e+00 7.063e+00 7.065e+00 
4.790e-10 6.679e+00 6.907e+00 7.063e+00 7.065e+00 
4.795e-10 6.679e+00 6.907e+00 7.063e+00 7.065e+00 
4.800e-10 6.679e+00 6.907e+00 7.063e+00 7.065e+00 
4.805e-10 6.679e+00 6.907e+00 7.063e+00 7.065e+00 
4.810e-10 6.679e+00 6.907e+00 7.063e+00 7.065e+00 
4.815e-10 6.679e+00 6.907e+00 7.063e+00 7.065e+00 
4.820e-10 6.679e+00 6.907e+00 7.063e+00 7.065e+00 
4.825e-10 6.679e+00 6.907e+00 7.063e+00 7.065e+00 
4.830e-10 6.679e+00 6.907e+00 7.063e+00 7.065e+00 
4.835e-10 6.679e+00 6.907e+00 7.063e+00 7.065e+00 
4.840e-10 6.679e+00 6.907e+00 7.063e+00 7.065e+00 
4.845e-10 6.679e+00 6.907e+00 7.063e+00 7.065e+00 
4.850e-10 6.679e+00 6.907e+00 7.063e+00 7.065e+00 
4.855e-10 6.679e+00 6.907e+00 7.063e+00 7.065e+00 
4.860e-10 6.679e+00 6.907e+00 7.063e+00 7.065e+00 
4.865e-10 6.679e+00 6.907e+00 7.063e+00 7.065e+00 
4.870e-10 6.679e+00 6.907e+00 7.063e+00 7.065e+00 
4.875e-10 6.679e+00 6.907e+00 7.063e+00 7.065e+00 
4.880e-10 6.679e+00 6.907e+00 7.063e+00 7.065e+00 
4.885e-10 6.679e+00 6.907e+00 7.063e+00 7.065e+00 
4.890e-10 6.679e+00 6.907e+00 7.063e+00 7.065e+00 
4.895e-10 6.679e+00 6.907e+00 7.063e+00 7.065e+00 
4.900e-10 6.679e+00 6.907e+00 7.063e+00 7.065e+00 
4.905e-10 6.679e+00 6.907e+00 7.063e+00 7.065e+00 
4.910e-10 6.679e+00 6.907e+00 7.063e+00 7.065e+00 
4.915e-10 6.679e+00 6.907e+00 7.063e+00 7.065e+00 
4.920e-10 6.679e+00 6.907e+00 7.063e+00 7.065e+00 
4.925e-10 6.679e+00 6.907e+00 7.063e+00 7.065e+00 
4.930e-10 6.679e+00 6.907e+00 7.063e+00 7.065e+00 
4.935e-10 6.679e+00 6.907e+00 7.063e+00 7.065e+00 
4.940e-10 6.679e+00 6.907e+00 7.063e+00 7.065e+00 
4.945e-10 6.679e+00 6.907e+00 7.063e+00 7.065e+00 
4.950e-10 6.679e+00 6.907e+00 7.063e+00 7.065e+00 
4.955e-10 6.679e+00 6.907e+00 7.063e+00 7.065e+00 
4.960e-10 6.679e+00 6.907e+00 7.063e+00 7.065e+00 
4.965e-10 6.679e+00 6.907e+00 7.063e+00 7.065e+00 
4.970e-10 6.679e+00 6.907e+00 7.063e+00 7.065e+00 
4.975e-10 6.679e+00 6.907e+00 7.063e+00 7.065e+00 
4.980e-10 6.679e+00 6.907e+00 7.063e+00 7.065e+00 
4.985e-10 6.679e+00 6.907e+00 7.063e+00 7.065e+00 
4.990e-10 6.679e+00 6.907e+00 7.063e+00 7.065e+00 
4.995e-10 6.679e+00 6.907e+00 7.063e+00 7.065e+00 
